canvas 10 0 640 225
shape S0 rectangle
motion S0 0 100 75 20 15 255 0 0 0 100 75 20 15 255 0 0
motion S0 0 100 75 20 15 255 0 0 15 100 0 20 15 255 0 0
shape S1 rectangle
motion S1 0 90 90 40 15 255 153 0 0 90 90 40 15 255 153 0
motion S1 0 90 90 40 15 255 153 0 30 90 90 40 15 255 153 0
shape S2 rectangle
motion S2 0 80 105 60 15 204 255 0 0 80 105 60 15 204 255 0
motion S2 0 80 105 60 15 204 255 0 90 80 105 60 15 204 255 0
motion S2 90 80 105 60 15 204 255 0 105 80 0 60 15 204 255 0
motion S2 105 80 0 60 15 204 255 0 120 300 0 60 15 142 178 0
shape S9 rectangle
motion S9 0 10 210 200 15 255 0 153 0 10 210 200 15 255 0 153
motion S9 0 10 210 200 15 255 0 153 15330 10 210 200 15 255 0 153